1.2335556182099394 -9.893637598118213E-5 -8.442507028034852E-5 
0.7824159686692596 9.583189540430768E-5 7.234689462915071E-5 
0.9143064665174696 -9.62606104899205E-5 4.0793143767845584E-5 
1.144015658762736 1.4823100842455836E-5 -8.918304198688587E-5 
1.0392485206743365 8.997984241402593E-5 2.8870558389203175E-5 
1.058640663411365 9.27240549086244E-5 -7.625778308483726E-5 
0.8513017751920324 -3.576085617921793E-5 -9.353087087323047E-5 
1.176196892317229 -5.766285804545719E-6 -3.623887782280415E-5 
0.8082907829283197 -5.50723407689846E-5 -7.80679126211469E-5 
0.8026212403824742 -6.338942529004815E-5 -7.643030727693304E-5 
1.2314558003044613 -5.905474978222842E-6 3.6139393418859245E-5 
0.7997442678355506 -5.793883886404217E-5 -6.072516603277194E-5 
-4.074905527939108E-5 0.8045015650870226 2.4463181197871865E-5 
1.3569169843592957E-5 1.1399071988374114 -3.88620345464731E-5 
-3.5638463312521256E-5 1.1356335643115503 -5.175568516716511E-5 
-8.543677232907123E-5 0.9978787057827999 5.207958271325788E-5 
-4.3343901848760535E-5 0.7884198128455379 4.9267399611297775E-6 
9.522335195529503E-6 1.198816949702333 -3.957547874629948E-5 
-6.697350420786103E-5 0.9141570334931592 -5.4898892237102874E-5 
5.7915611351016E-6 0.7558242170981953 5.7919258179387915E-6 
-6.769331741137506E-5 1.0492950372154413 6.483479020736329E-5 
-3.9710828831885724E-5 1.202712925909485 -6.577546321428113E-5 
7.5886411875042E-5 0.8869645506714828 4.298709374182695E-5 
4.231071779171613E-5 0.8623484879183464 -5.639596758048149E-5 
