a0 = 1.457830740915591
a1 = -0.36603956904258855
a2 = -0.5388602326948414
a3 = -1.3379053557476739
a
[1.457830740915591, -0.36603956904258855, -0.5388602326948414, -1.3379053557476739]
f
[7.0414260454723046, 5.757293090447954, 3.713582468731034, 4.105920604307234, 1.5167216467767695, 0.2085877255753013, 1.0334391798093394, 0.0, 0.0, 0.0, 0.0, 0.0, 0.0, 0.0, 0.0, 0.0, 0.0, 0.0, 0.0, 0.011094597171641074, 0.0, 0.0, 0.0, 0.0, 0.0, 0.0, 0.0, 0.0, 0.0, 0.0, 0.03539232143153257, 0.028799430814957783, 0.0, 0.022351262823147536, 0.0, 0.0, 0.0, 0.0, 0.005086722669745303, 0.0, 0.0, 0.0, 0.0, 0.0, 0.0, 0.0, 0.0, 0.0, 0.0, 1.5203049039690484]
g
[0.0, 0.0, 0.0, 0.0, 0.0, 0.0, 0.0, 2.1057406001984615, 2.5859596120183816, 3.4031749264381315, 5.95884776454923, 6.011155063488026, 0.23421808907129815, 0.20651981882895143, 0.06525981141958392, 0.049536162394736794, 0.01079148128716828, 0.08515522083165383, 0.01723892458504428, 0.0, 0.06667698057737226, 0.03963649010797443, 0.11748580955182342, 0.08248068917752072, 0.10497875184221106, 0.05724616593422621, 0.0900987431760526, 0.05582095581974622, 0.07575881554857772, 0.10916371771328769, 0.0, 0.0, 0.02219407406154255, 0.0, 0.08171538689356114, 0.1825060251314706, 0.18830096318162726, 0.018282863433757512, 0.0, 0.07380375029193176, 0.20190462438397883, 0.11978564338241213, 0.05726064786683295, 0.13189149235552178, 0.19268773824303032, 0.11920401940527614, 0.1650369518146111, 0.1543415748484982, 1.7581396501464976, 0.0]
alpha
[1.0, 1.0, 1.0, 1.0, 1.0, 1.0, 1.0, 0.0, 0.0, 0.0, 0.0, 0.0, 0.0, 0.0, 0.0, 0.0, 0.0, 0.0, 0.0, 1.0, 0.0, 0.0, 0.0, 0.0, 0.0, 0.0, 0.0, 0.0, 0.0, 0.0, 1.0, 1.0, 0.0, 1.0, 0.0, 0.0, 0.0, 0.0, 1.0, 0.0, 0.0, 0.0, 0.0, 0.0, 0.0, 0.0, 0.0, 0.0, 0.0, 1.0]
