a0 = -0.5365798874908014
a1 = -1.4981091336299242
a2 = -0.7805040967097729
a
[-0.5365798874908014, -1.4981091336299242, -0.7805040967097729]
f
[0.0, 0.0, 0.0, 0.0, 0.0, 0.0, 0.0, 0.0, 0.0, 0.0, 0.0, 0.11521126827235806, 0.8374447023468466, 0.7844075969524784, 0.5226752055339408, 0.4349839914059905, 0.13266472477293467, 0.133069996876862, 0.03444788534551602, 0.0, 0.0, 0.0, 0.0, 0.0, 0.18641563400133343, 0.1387877956826053, 0.0, 0.12117516799533401, 0.0, 0.0, 0.0, 0.0, 0.0, 0.0, 0.0, 0.0, 4.882202366311459, 4.879565418239503, 4.270236387476116, 3.5725099117609633, 1.6842200221113202, 0.7272650533773105, 0.2200899391673655, 0.0, 0.0, 0.0, 0.0, 0.0, 1.32262693236977, 0.0]
g
[0.33510099689525674, 0.2741441850452382, 0.27284102573827607, 0.12978908543191836, 0.24170806864459338, 0.09606777050353549, 0.14824853824574807, 0.14882402819211216, 0.1552658251367851, 0.03319671587630113, 0.0, 0.0, 0.0, 0.0, 0.0, 0.0, 0.0, 0.0, 0.0, 0.3198426907955477, 0.42017273732752336, 0.7170212724182414, 0.6744887608694323, 1.0261950628631968, 0.0, 0.0, 0.0, 0.0, 0.017690323319850237, 0.13823031085623663, 0.06523942368181428, 0.20381578873399947, 0.24755024414729493, 0.23682220957347783, 0.3679695215374444, 0.28242755956313065, 0.0, 0.0, 0.0, 0.0, 0.0, 0.0, 0.0, 1.8650056699165969, 2.09802863384328, 3.7716774527795276, 3.1568180087042013, 5.731949189693044, 0.0, 1.8238688996663992]
alpha
[0.0, 0.0, 0.0, 0.0, 0.0, 0.0, 0.0, 0.0, 0.0, 0.0, 1.0, 1.0, 1.0, 1.0, 1.0, 1.0, 1.0, 1.0, 1.0, 0.0, 0.0, 0.0, 0.0, 0.0, 1.0, 1.0, 1.0, 1.0, 0.0, 0.0, 0.0, 0.0, 0.0, 0.0, 0.0, 0.0, 1.0, 1.0, 1.0, 1.0, 1.0, 1.0, 1.0, 0.0, 0.0, 0.0, 0.0, 0.0, 1.0, 0.0]
