a0 = 1.3527147196462053
a1 = -0.7295299936069262
a
[1.3527147196462053, -0.7295299936069262]
f
[4.269938565680558, 3.4579364605587517, 2.199213642026318, 2.419088502589476, 0.9105170086291181, 0.08873027882190138, 0.5468800805673684, 0.0, 0.0, 0.0, 0.0, 0.0, 0.0, 0.0, 0.0, 0.0, 0.0, 0.0, 0.0, 0.0, 0.0, 0.032773917874914404, 0.012209618924941879, 0.11572990495986246, 2.989129377358753, 2.3066917781140983, 1.9616134312379765, 1.4664647723600053, 0.8881166688271105, 0.031281895033182544, 0.0, 0.0, 0.0, 0.0, 0.0, 0.0, 0.0, 0.0, 0.0, 0.0, 0.0, 0.0, 0.0, 0.0, 0.0, 0.0, 0.0, 0.021347681798121743, 0.0, 1.2823364146375482]
g
[0.0, 0.0, 0.0, 0.0, 0.0, 0.0, 0.0, 1.3604955745311171, 1.5906438827172207, 2.1323919394836466, 3.733822829569693, 3.699150684452066, 0.39327691719178315, 0.38529224704872345, 0.26965522417952925, 0.18065292529654703, 0.13185323464664336, 0.1404008216931403, 0.058883597309542374, 0.0326284377191636, 0.056446163525512044, 0.0, 0.0, 0.0, 0.0, 0.0, 0.0, 0.0, 0.0, 0.0, 0.2587240176266689, 0.8275870208905135, 1.3839023655492606, 1.6368941231027416, 2.2815939823197295, 2.308023754965971, 0.2942174638531001, 0.2539443785422564, 0.18853375164616482, 0.1924866296032257, 0.2368356286200594, 0.15609182368885421, 0.12349655902267136, 0.09294189029079258, 0.11561886039602787, 3.3306690738754696E-16, 0.0985590700613016, 0.0, 0.38495420045633955, 0.0]
alpha
[1.0, 1.0, 1.0, 1.0, 1.0, 1.0, 1.0, 0.0, 0.0, 0.0, 0.0, 0.0, 0.0, 0.0, 0.0, 0.0, 0.0, 0.0, 0.0, 0.0, 0.0, 1.0, 1.0, 1.0, 1.0, 1.0, 1.0, 1.0, 1.0, 1.0, 0.0, 0.0, 0.0, 0.0, 0.0, 0.0, 0.0, 0.0, 0.0, 0.0, 0.0, 0.0, 0.0, 0.0, 0.0, 0.0, 0.0, 1.0, 0.0, 1.0]
