a0 = 2.9629526916430393E-6
a1 = 1.7777867856928517E-6
a2 = -1.2642039363772319E-11
a3 = 1.1111054814970724
a
[2.9629526916430393E-6, 1.7777867856928517E-6, -1.2642039363772319E-11, 1.1111054814970724]
f
[0.0, 3.7037086346154545E-6, 0.0, 0.0, 0.0, 0.0, 0.0, 0.0, 2.962945580356618E-5, 1.0666752426142949E-10, 3.7037382730242264E-6, 7.407322470876584E-6, 8.888797626584348E-6, 0.0, 0.0, 0.0, 0.0, 1.9999882074287024E-5, 1.1111173333836927E-5, 2.22233422336725E-6, 2.666653511197623E-5, 1.7777850076361306E-5, 0.0, 0.0, 2.222228148190553E-5, 1.1111039012674365E-5, 0.0, 0.0, 0.0, 1.1111011358339678E-5, 0.0, 1.1111015308597722E-5, 1.1110981728686343E-5, 0.0, 0.0, 0.0, 0.0, 0.0, 0.0, 0.0, 0.0, 0.0, 0.0, 1.3888707407750445, 2.7777303705782366, 4.166590000304391, 5.555482963200917, 6.94438703728263, 0.0, 0.0]
g
[0.0, 0.0, 1.4814727902353063E-5, -1.6592467962392124E-10, 1.8518335803964938E-5, 3.7038153087438415E-6, 2.2221985185877827E-5, 1.8518365432289776E-5, 0.0, 0.0, 0.0, 0.0, 0.0, 2.0741027272440245E-10, 3.111098429935188E-5, 1.7777796743516275E-5, 1.5555586964591904E-5, 0.0, 0.0, 0.0, 0.0, 0.0, 2.2221801454338816E-6, 0.0, 0.0, 0.0, 1.1110985678944371E-5, 0.0, 1.1111023209998736E-5, 0.0, 2.2222050371140457E-5, 0.0, 0.0, -1.185178547989552E-11, 1.1061746517182686E-10, 2.2222188642687475E-5, 8.333335555524341, 6.944375926168556, 5.5555718517461035, 4.16659000029254, 2.7777525926760136, 1.3888374076698586, 2.2222080000161696E-5, 0.0, 0.0, 0.0, 0.0, 0.0, 1.111096000018118E-5, 3.333334222270579E-5]
alpha
[0.0, 1.0, 0.0, 1.000000000006637, 0.0, 0.0, 0.0, 0.0, 1.0, 1.0, 1.0, 1.0, 1.0, 0.0, 0.0, 0.0, 0.0, 1.0, 1.0, 1.0, 1.0, 1.0, 0.0, 1.0, 1.0, 1.0, 0.0, 0.0, 0.0, 1.0, 0.0, 1.0, 1.0, 0.0, 0.0, 0.0, 0.0, 0.0, 0.0, 0.0, 0.0, 0.0, 0.0, 1.0, 1.0, 1.0, 1.0, 1.0, 0.0, 0.0]
