a0 = -2.0554245783359153E-11
a1 = -1.1111051852235931
a2 = -2.9629993091447166E-6
a
[-2.0554245783359153E-11, -1.1111051852235931, -2.9629993091447166E-6]
f
[0.0, 3.703525924684599E-6, 0.0, 1.6940658945086007E-21, 0.0, 0.0, 0.0, 0.0, 2.9629570371815778E-5, 2.3703877512356534E-10, 3.703911112950885E-6, 7.407555557497235E-6, 2.222204444503877E-5, 1.1110943208996294E-5, 0.0, 0.0, 0.0, 2.2222064197808926E-5, 1.1111081482497669E-5, 3.950650447938208E-11, 2.222215308761481E-5, 1.1111140741725109E-5, 0.0, 0.0, 2.222204436298602E-5, 1.1110893757982108E-5, 0.0, 0.0, 0.0, 1.1110972825724982E-5, 0.0, 1.1111012360228905E-5, 1.1111032126453093E-5, 1.1856006617279253E-10, 4.9437639162410005E-11, 0.0, 0.0, 0.0, 0.0, 0.0, 0.0, 0.0, 0.0, 1.3888703704183794, 2.7777296299034258, 4.166588889329213, 5.555481481880926, 6.944385185543752, 0.0, 0.0]
g
[2.962988247328334E-10, 0.0, 1.4814933335636525E-5, 0.0, 1.8518400000508334E-5, 3.7038222238252797E-6, 2.2222014814397554E-5, 1.8518281481437044E-5, 0.0, 0.0, 0.0, 0.0, 0.0, 0.0, 2.222208395129063E-5, 1.1111051852283124E-5, 1.1111101235378547E-5, 0.0, 0.0, 0.0, 0.0, 0.0, 1.1111071605575303E-5, 1.1111061728699908E-5, 0.0, 0.0, 1.1111160549213155E-5, 8.893043665010987E-11, 1.1111091385949288E-5, 0.0, 2.222204444442225E-5, 0.0, 0.0, 0.0, 0.0, 2.2222004869793142E-5, 8.333333333443619, 6.944374074432641, 5.555570370384635, 4.166588889299583, 2.777751851977501, 1.3888370373220822, 2.2222074074921464E-5, 0.0, 0.0, 0.0, 0.0, 0.0, 1.1110992592344564E-5, 3.3333244446861015E-5]
alpha
[0.0, 1.0, 0.0, 1.0, 0.0, 0.0, 0.0, 0.0, 1.0, 1.0, 1.0, 1.0, 1.0, 1.0, 0.0, 0.0, 0.0, 1.0, 1.0, 1.0, 1.0, 1.0, 0.0, 0.0, 1.0, 1.0, 0.0, 0.0, 0.0, 1.0, 0.0, 1.0, 1.0, 1.0, 1.0, 0.0, 0.0, 0.0, 0.0, 0.0, 0.0, 0.0, 0.0, 1.0, 1.0, 1.0, 1.0, 1.0, 0.0, 0.0]
