a0 = -1.111101728467951
a1 = -1.1852093101097613E-6
a
[-1.111101728467951, -1.1852093101097613E-6]
f
[0.0, 0.0, 1.1111017284349796E-5, 0.0, 0.0, 1.1111017284601824E-5, 0.0, 2.2222034569866767E-5, 2.2222034569128588E-5, 2.2222034569829236E-5, 2.2222034569913238E-5, 6.255897357218196E-16, 5.657381255624365E-16, 1.1111017285294316E-5, 1.0623092945722534E-15, 0.0, 0.0, 2.2222034569123377E-5, 0.0, 2.2222034569208852E-5, 0.0, 2.2222034568677705E-5, 1.1111017284240155E-5, 0.0, 8.333240741479806, 6.944363580894075, 5.555475309291061, 4.166609259722617, 2.7777432101541732, 1.388866049568444, 0.0, 0.0, 0.0, 0.0, 0.0, 0.0, 1.111117144310119E-5, 1.111114574873019E-5, 0.0, 1.1111094362454705E-5, 2.222208595503052E-5, 0.0, 2.2222034569782755E-5, 1.1110991591959176E-5, 1.1110965899438066E-5, 0.0, 0.0, 1.1110888820435931E-5, 2.0554219683118458E-16, 1.1111017285302468E-5]
g
[9.151411724771241E-16, 2.2222034570202788E-5, 0.0, 4.575688921726676E-16, 1.1111017284648303E-5, 0.0, 2.2222034568960577E-5, 0.0, 0.0, 0.0, 0.0, 0.0, 0.0, 0.0, 0.0, 2.22220345686777E-5, 1.1111017284154674E-5, 0.0, 2.0554929771953219E-16, 0.0, 2.2222034570108357E-5, 0.0, 0.0, 2.2222034569980147E-5, 0.0, 0.0, 0.0, 0.0, 0.0, 0.0, 2.222203456896057E-5, 1.388921604654868, 2.777754321171458, 4.166598148705332, 5.555497531325631, 6.944385802928644, 0.0, 0.0, 1.1110914512134872E-5, 0.0, 0.0, 2.222200887726164E-5, 0.0, 0.0, 0.0, 1.1111094362454702E-5, 2.2222137340278275E-5, 0.0, 0.0, 0.0]
alpha
[0.0, 0.0, 1.0, 0.0, 0.0, 1.0, 0.0, 1.0, 1.0, 1.0, 1.0, 1.0, 1.0, 1.0, 1.0, 0.0, 0.0, 1.0, 0.0, 1.0, 0.0, 1.0, 1.0, 0.0, 1.0, 1.0, 1.0, 1.0, 1.0, 1.0, 0.0, 0.0, 0.0, 0.0, 0.0, 0.0, 1.0, 1.0, 0.0, 1.0, 1.0, 0.0, 1.0, 1.0, 1.0, 0.0, 0.0, 1.0, 1.0, 1.0]
